11
8
11
11
6
2
11
10
17
7
13
13
10
5
7
6
14
10
5
1
10
8
3
15
6
8
4
4
5
2
7
4
10
4
6
13
12
8
5
3
16
8
10
8
7
12
15
5
9
6
1
0
11
6
16
4
10
13
7
7
15
7
20
13
12
9
8
14
9
5
11
6
8
10
6
7
7
10
2
4
7
5
10
18
2
12
7
13
2
7
4
2
6
2
15
14
17
12
9
13
4
6
8
15
1
9
9
6
15
7
10
16
8
3
11
14
17
11
10
14
12
12
8
15
13
4
7
11
7
5
8
14
15
9
3
7
9
10
8
9
11
6
8
12
8
7
9
4
10
14
9
3
8
8
3
13
9
11
6
9
14
5
6
8
8
4
8
12
14
6
6
3
8
7
5
2
3
4
10
8
9
3
12
8
4
7
11
13
7
6
16
11
7
7
11
6
16
7
12
10
14
16
15
4
7
15
6
7
8
4
14
10
8
6
9
8
7
10
7
3
17
2
17
9
19
7
12
7
7
4
8
5
4
12
6
9
15
15
15
11
8
9
6
11
7
7
11
9
10
11
8
7
7
11
6
9
9
5
7
3
11
5
10
4
9
9
5
10
9
8
12
18
3
5
7
8
6
11
6
7
3
8
13
2
17
11
14
10
4
10
15
5
5
7
10
4
13
0
13
11
11
19
12
7
2
11
6
9
8
17
5
11
7
7
12
6
9
16
4
10
3
6
8
11
1
17
16
10
6
9
6
11
13
5
7
8
6
9
12
5
4
2
15
3
11
10
7
12
8
8
6
13
6
5
8
1
18
9
8
15
5
13
2
5
13
11
14
1
16
13
11
8
14
5
5
6
16
12
12
5
14
11
15
5
7
18
13
13
11
11
6
13
8
11
7
2
6
14
4
6
9
5
11
8
5
9
5
2
2
4
6
5
10
10
7
2
5
13
8
12
12
3
6
6
7
10
13
5
2
4
7
13
10
12
8
3
14
4
15
7
15
16
11
12
11
0
6
8
3
10
2
16
4
9
8
5
7
12
5
8
10
7
8
6
10
7
10
7
6
3
10
14
14
8
11
13
10
5
5
3
18
15
3
6
7
9
5
17
8
8
11
4
4
2
5
5
14
16
21
13
12
4
5
6
8
11
4
9
8
3
8
10
10
7
14
9
4
5
5
19
7
17
4
15
6
10
10
6
9
1
10
7
5
15
17
4
13
5
9
7
4
11
3
4
6
3
16
10
6
10
4
9
15
5
3
8
14
7
13
4
14
3
8
11
14
4
11
13
24
4
3
4
12
4
9
14
5
4
15
14
10
9
6
13
15
5
6
10
3
9
3
9
17
5
9
10
16
6
12
9
11
4
12
6
3
6
6
5
9
5
9
13
5
6
4
9
15
12
13
14
11
5
15
8
4
21
10
6
6
16
11
3
18
8
11
7
2
11
4
4
12
12
9
14
12
5
13
15
9
6
10
8
2
11
9
7
15
6
3
11
13
17
9
5
10
6
8
6
12
7
6
5
15
4
10
1
11
8
14
8
6
3
8
2
12
3
14
1
10
10
21
10
7
5
12
12
8
3
3
13
2
10
20
9
12
10
9
2
11
15
12
9
6
7
10
15
2
12
11
10
10
10
10
3
13
5
10
8
13
8
19
10
5
11
12
10
9
8
7
16
6
4
6
2
9
12
5
1
4
13
10
6
9
11
11
7
4
8
19
12
9
14
11
16
17
3
9
9
13
8
11
6
11
5
11
10
10
8
12
14
9
10
8
15
7
5
10
2
3
10
17
5
5
10
6
14
15
3
12
4
4
15
6
9
4
8
17
4
15
9
6
7
11
1
15
13
2
2
4
7
6
5
18
7
10
9
5
2
6
12
15
10
8
6
4
6
13
18
9
8
11
12
6
7
17
8
3
6
4
9
5
17
5
4
18
10
6
15
17
7
8
6
7
8
7
2
9
19
2
2
7
5
5
17
3
6
9
14
11
13
15
11
6
13
5
14
14
15
5
12
15
9
9
11
8
8
7
10
10
6
8
5
12
8
12
5
14
10
5
6
7
9
7
18
3
16
3
12
13
3
11
10
19
1
5
7
4
0
5
4
10
9
5
4
17
7
13
3
14
8
9
10
4
13
7
6
3
16
11
13
5
17
13
11
10
9
6
12
2
8
6
11
10
4
6
7
8
15
8
17
6
1
4
5
5
12
14
7
17
10
6
5
9
4
12
5
4
2
9
9
6
8
6
13
5
15
16
9
12
9
