999
999
994
996
999
998
998
998
999
992
999
996
997
997
999
996
998
997
999
999
997
997
997
998
998
990
999
999
994
999
999
997
999
997
996
996
997
996
992
994
993
992
998
999
995
998
999
998
995
996
998
996
995
999
990
991
996
999
997
999
998
994
999
999
997
999
992
999
991
999
999
997
996
999
998
998
994
999
993
996
996
997
999
998
997
994
999
998
992
996
996
995
996
994
995
998
999
999
998
998
997
993
997
995
996
997
997
998
997
999
999
998
995
998
999
999
995
998
997
997
998
997
999
998
998
999
995
996
999
998
999
999
999
998
996
996
997
996
995
998
997
997
996
998
998
999
997
999
994
997
999
999
994
999
999
999
998
998
996
998
997
991
999
998
999
998
995
999
997
997
999
999
990
999
995
997
997
997
994
994
997
996
997
997
993
996
990
999
998
994
996
998
999
990
997
999
996
998
997
996
998
999
995
999
999
999
989
999
997
995
998
990
997
999
999
999
999
997
999
989
999
999
999
998
995
999
998
998
999
998
999
998
985
999
999
998
999
997
997
997
993
994
994
999
999
995
990
998
997
998
999
993
996
999
998
999
989
999
997
987
994
997
996
995
998
999
999
993
998
999
999
999
992
999
997
995
999
999
999
998
996
998
998
995
997
999
999
995
998
999
997
995
999
998
998
997
991
999
997
999
993
999
994
994
995
998
993
996
994
996
999
999
996
996
999
997
998
992
997
998
987
997
999
998
999
995
999
999
992
999
998
994
997
985
996
988
992
998
999
999
997
998
999
996
989
993
995
995
999
996
999
992
996
997
998
999
998
996
999
998
996
997
995
998
997
996
997
992
990
999
996
994
998
999
999
995
993
995
999
995
999
999
991
999
992
999
997
998
998
996
991
983
997
993
998
992
997
993
998
998
993
998
997
998
998
999
994
998
995
996
998
998
999
996
991
999
999
998
998
994
991
998
993
990
999
999
998
995
999
998
997
996
998
990
992
998
998
999
999
995
993
997
999
998
998
999
995
997
991
999
999
997
996
998
999
998
989
997
993
997
998
998
995
998
988
998
999
995
997
999
993
992
997
997
996
994
991
997
998
998
999
998
998
998
999
998
985
996
998
997
999
998
999
999
999
999
997
998
999
998
993
998
990
998
997
993
999
999
999
997
998
996
988
990
990
995
993
993
998
997
996
996
998
999
997
997
997
998
999
999
999
997
997
998
999
999
999
997
999
998
999
992
995
992
999
999
994
998
999
995
993
996
999
996
982
999
999
999
998
998
999
999
999
995
999
999
995
998
997
996
995
996
998
995
999
998
995
998
996
995
999
996
998
999
997
999
995
998
996
999
999
997
994
999
997
996
999
994
999
997
998
997
994
997
999
998
993
999
999
999
999
998
995
998
998
999
991
998
990
998
999
999
995
998
992
999
994
999
999
981
999
999
998
999
998
995
993
998
998
997
994
998
999
998
998
999
999
999
991
999
998
993
997
998
999
995
998
999
996
997
999
997
993
994
994
996
996
981
998
988
998
995
999
999
997
993
998
999
997
995
996
992
996
996
999
999
996
998
996
993
999
998
985
998
997
998
999
998
999
995
993
998
995
999
999
996
988
996
998
999
994
998
999
996
999
999
999
999
999
996
996
999
996
996
996
992
996
997
998
994
996
999
998
994
997
999
998
999
998
991
998
996
995
997
986
995
996
994
995
998
993
998
998
998
997
998
997
997
994
999
999
997
999
995
999
990
998
996
996
997
999
999
998
998
999
997
997
997
998
999
998
996
998
996
987
997
999
998
995
995
997
994
994
997
997
999
998
993
999
992
994
997
985
991
997
999
999
998
997
994
998
997
980
997
996
998
998
993
999
989
997
997
996
998
992
999
998
998
987
997
998
998
997
994
999
999
998
998
997
996
999
997
998
999
996
997
997
998
994
996
986
998
999
999
998
997
996
998
991
994
999
993
999
998
994
995
990
998
992
996
997
991
999
995
991
998
999
990
994
993
995
992
998
993
999
999
997
995
996
996
999
999
998
987
996
984
998
998
995
989
990
995
999
993
999
998
999
998
999
999
997
995
996
998
999
998
999
998
992
999
996
996
999
983
996
994
996
998
999
999
997
995
993
998
997
999
999
993
992
999
991
999
997
999
998
997
996
999
998
996
990
997
993
993
999
999
998
999
989
999
994
997
999
998
999
993
999
998
986
989
997
999
998
995
998
994
997
998
998
998
998
999
996
990
999
999
994
996
995
996
999
996
998
999
999
997
997
998
999
995
