1849
1364
1994
2179
1181
1544
1481
1397
2016
1034
1297
1522
1435
2109
2015
2053
1445
1468
1524
1331
2008
1068
1466
1503
1234
1794
2365
2347
2113
1914
1219
1894
1287
1427
1879
2743
1318
935
1926
1754
1957
498
1873
1908
2420
1103
1432
2999
2161
1738
1969
1115
1668
2540
1284
1798
1584
1271
2036
1950
1925
2227
1947
1064
1325
1421
1072
1657
1444
1390
1921
1071
1211
1821
1540
1312
1487
1312
1711
1831
2010
1203
2017
1318
1967
2386
857
2233
2202
3407
4089
1744
711
1402
1437
2862
2145
1426
1174
2219
809
1109
1524
1255
1147
2050
2767
751
2122
1527
1642
1399
1723
1448
1375
1813
2131
1398
834
1694
955
1496
1665
2079
2214
2383
1998
1884
1653
3274
1893
2005
2109
935
826
1630
1500
1582
1324
794
2026
930
1573
1815
1645
1534
922
1442
2439
2576
1923
1660
1607
1700
3252
1697
887
1828
1736
1778
1747
1494
1639
1404
1801
2243
1408
1602
1895
2111
1672
1948
1761
1556
1531
1346
1987
1303
1907
2366
1492
1278
1874
1752
1938
1542
1373
1861
1647
1387
1719
2107
1952
1175
1546
2261
1594
1794
855
1836
1304
2585
1451
1409
1314
1510
2489
1622
1567
945
1204
1141
2955
1382
2025
3084
1471
1917
2722
2028
2255
1127
3350
1620
1549
1381
2330
2095
2048
2287
2254
1643
861
1004
1758
1275
1239
2114
2454
2266
2681
1529
1554
1379
980
1487
846
1719
2083
1132
1502
1332
1938
1794
1357
1775
2185
2574
1077
1130
1238
2309
1923
1795
1072
947
2245
1383
1378
1348
1791
1436
1911
2700
1593
1119
1249
1020
1831
1794
1486
1731
2617
2684
2054
1081
1470
1317
1148
1421
1691
1809
1989
1192
1169
1232
1030
1399
609
1679
1787
1913
2090
1345
1852
1575
1266
1189
1987
2117
1411
1631
1752
3717
1418
3466
1310
2360
2021
2319
1933
992
2563
1676
1383
1203
1857
1260
1279
1277
1955
1190
1600
919
1429
3209
2523
1230
447
1121
2134
1847
960
1998
2159
2453
2138
1483
1848
2065
1657
1094
1041
1546
1522
1380
2351
1490
1587
1774
2091
792
1861
1673
1330
1150
2317
2232
1580
1336
2185
1565
1899
836
807
1900
2973
3187
1412
2366
1176
3038
1793
1297
1439
2050
1096
1830
2164
1443
1396
1516
928
1357
1468
1412
1637
1132
1952
1449
1738
1375
1649
2243
1071
1201
737
1171
1849
1715
1227
983
2493
1224
1101
1679
1410
2180
1169
793
1390
1475
1079
1653
1864
1509
3084
1106
2035
1824
2131
1772
1406
1338
1705
2748
2304
2011
2496
1571
1470
1505
1494
2246
2463
1171
2354
2682
2193
571
892
950
1886
1604
1312
2263
975
1699
1582
1032
1538
1118
1746
1353
1448
1591
2165
2096
1562
1648
1746
2499
2458
1793
1451
1777
1671
2009
2186
1748
3094
1419
1833
1387
1241
1012
1402
1261
1733
951
1621
1319
688
1568
1570
1371
1385
1438
1110
1319
2774
779
1875
2787
1533
1267
1043
1952
1337
1698
2367
1723
2236
2166
1285
1497
1451
1509
1415
1131
1612
1632
1403
1234
1232
1625
1940
1937
1351
2188
1938
1698
3651
1505
2032
1894
2943
1202
939
1282
1415
1792
2442
2107
2868
1775
479
2388
1717
1720
1802
1350
1840
1398
1918
1074
913
1887
608
1286
668
1362
1067
1179
1653
2256
2738
2525
1860
987
1991
1835
2053
2164
1890
1320
1224
1409
1570
1056
1520
1620
1460
2811
1850
1706
2003
1343
1971
1681
875
1215
2216
1537
2037
1421
2199
1628
1172
2338
1375
2504
1595
1470
1409
2422
1204
1186
1992
1594
2180
880
1999
939
1346
1958
1560
1275
1983
2353
827
1140
1210
1076
1722
1438
911
1210
1665
1932
526
1398
1948
1375
1747
1011
2456
1863
1520
1637
1458
1921
1553
1699
1211
3582
2199
2446
1297
1992
1815
1370
1401
1697
1328
1512
1894
2350
1433
1717
1026
1538
856
2562
1973
755
1533
1203
1525
1529
1595
3160
1201
2108
1440
2687
1412
1623
1085
1961
1118
2571
1432
1508
1542
1236
2836
2165
1595
2215
1299
1227
1576
2098
1305
699
1395
1480
955
2506
1470
772
1300
1271
2708
1373
1503
2081
2862
2082
2226
866
1513
1018
2271
1258
1331
1174
1982
1203
958
1812
1806
1660
1158
922
1130
1361
1886
1252
1044
1943
1372
1326
1592
2479
3085
1471
1448
2281
1794
1089
2191
1672
1299
1988
1329
1366
2021
980
1514
2248
1723
1400
2069
1537
1366
3338
2211
628
2253
1543
2263
1198
1842
1176
1369
753
1054
1714
1074
1658
1414
1530
1407
1558
2155
1796
1492
2076
1348
1921
956
1848
2016
2542
593
978
1832
2346
1924
2505
848
1694
1974
1930
1244
2397
958
2021
926
1775
1235
1233
1738
2136
1476
865
1596
1453
1113
1637
1475
1270
1948
3436
805
1940
1455
1810
2690
1691
1378
1683
2118
1482
2460
1984
1715
2269
2339
1013
2021
2147
1373
1782
1217
1512
1962
826
2584
999
2057
2138
836
1129
1591
1903
1640
986
2279
683
877
806
1364
1288
1694
1520
1080
2064
2274
1287
1666
1261
1817
2310
461
1588
1431
1077
1834
2351
1305
1289
1702
1621
2259
1260
2830
1994
3176
1798
2150
1359
1961
2662
1609
1118
1316
2502
1213
1370
1340
1619
1014
909
3292
2316
1077
1407
2214
1676
1347
1394
1729
768
1692
2517
1377
1175
2145
1816
1174
2348
1908
2663
1707
1930
1387
2381
1169
1732
1117
2993
1167
480
1379
573
3354
1702
1034
1935
1654
2502
892
880
1991
1130
1709
1645
1776
2122
2226
1922
2325
883
1684
1732
1832
1388
1834
1872
1258
950
944
2086
1661
1665
1757
2340
1538
2775
1856
2695
745
1228
1014
1569
1186
1430
1535
1081
1526
1601
1768
1896
1061
598
1283
2249
1263
1582
1041
1839
1757
1186
1302
1362
1675
2190
1782
2189
2201
1129
1774
1033
1531
1789
1799
1654
