85
208
445
1051
201
542
125
1508
906
231
648
686
150
241
1477
349
2226
404
1006
813
332
1598
130
502
112
73
129
165
184
1499
371
1119
454
561
472
1622
781
222
211
612
790
595
280
199
276
812
336
1370
142
145
624
319
252
26
166
296
78
522
246
674
120
851
24
1613
463
704
436
409
241
294
118
1693
589
401
31
1608
739
339
1332
245
76
1219
1238
138
283
89
210
39
1444
445
1149
285
281
191
397
1342
597
905
801
1103
273
480
367
348
150
140
145
87
1066
493
2228
838
138
483
257
407
269
60
1298
374
1345
248
640
318
67
289
1409
93
29
418
353
445
1273
145
1990
815
147
188
362
121
1410
105
1331
8800
183
247
1025
165
151
1476
411
642
380
2628
436
371
765
130
171
245
333
490
278
297
251
1344
699
508
1224
3937
1620
249
374
158
544
1071
461
1141
127
624
1107
454
125
1132
1172
1404
57
480
1194
167
1683
181
37
38
520
3555
896
703
1037
176
1399
704
1494
197
266
312
178
636
200
429
456
104
127
267
275
453
1401
530
516
721
510
992
129
68
623
68
177
219
127
385
69
367
814
406
219
81
430
221
870
402
720
485
843
890
734
898
2363
707
136
194
2196
276
1582
104
781
166
344
3057
222
169
2181
109
199
816
341
41
308
312
477
562
79
210
241
95
1303
295
562
436
950
367
62
177
121
204
470
280
385
126
165
217
416
725
821
430
842
352
216
122
100
812
1292
193
267
2662
3264
474
61
116
245
820
200
66
372
198
2148
43
442
677
339
356
117
425
130
75
162
886
318
394
101
2314
1079
200
475
642
246
218
88
120
2438
665
466
1356
367
174
244
136
1248
684
792
145
201
507
326
2235
193
282
1883
59
832
95
644
102
7206
396
1706
221
53
259
360
774
658
335
544
2136
489
56
914
163
310
140
163
203
240
105
556
308
1257
730
533
363
1029
243
2039
410
129
336
888
522
801
403
139
2191
2453
2880
68
252
545
158
344
110
3386
335
259
246
771
253
1416
251
797
306
25
194
361
89
18
891
1135
834
792
1057
700
342
434
195
634
3223
323
642
819
1725
907
249
7804
1850
277
332
233
251
573
954
44
436
516
246
890
145
175
552
677
537
191
524
1545
1464
900
197
753
4960
781
823
219
243
822
178
348
807
103
109
407
573
362
1289
143
353
268
1217
40
684
483
1186
348
231
126
255
263
1056
346
357
950
114
385
1038
2008
1784
756
738
1949
587
65
1307
405
129
72
671
866
970
1465
777
1713
1128
166
136
123
323
801
163
142
610
931
602
376
487
411
195
99
68
625
38
981
229
1974
389
863
622
396
279
326
1997
835
425
226
727
579
249
251
354
150
1056
637
1445
173
841
333
378
1086
895
143
135
1914
348
400
1564
477
842
446
2016
1411
886
1582
240
846
295
268
415
187
752
524
227
1978
1332
266
310
376
1689
37
413
975
92
145
968
619
87
580
117
410
825
612
725
384
3116
229
426
709
122
791
801
364
523
42
490
260
1076
60
619
558
242
173
536
781
1382
105
183
274
515
378
520
184
338
613
228
182
74
379
558
104
515
82
701
735
61
368
940
525
345
905
386
292
108
251
163
263
191
181
448
264
296
289
256
375
1495
552
465
1766
2377
1185
1366
341
104
43
1406
444
1378
243
89
27
31
415
1452
443
243
1195
981
709
181
766
2296
81
210
1150
217
1078
158
128
664
175
70
561
1180
234
473
1147
693
76
3639
581
1802
705
763
43
158
72
394
169
25
4549
97
4694
120
2180
523
260
513
1224
899
238
1594
582
580
129
198
683
1040
316
1025
631
76
441
345
306
987
119
173
447
295
514
525
438
987
992
741
439
1089
408
166
388
908
362
1906
3087
2717
5042
1307
1582
349
453
223
26
919
394
356
578
400
1438
2062
260
1906
25
358
729
906
48
376
212
282
1139
64
315
139
369
605
75
246
175
256
360
144
367
776
1179
940
296
643
195
68
3981
324
2658
495
887
387
313
174
95
298
347
703
119
691
732
651
132
296
308
86
270
786
729
77
796
382
433
1029
229
481
1751
158
207
728
888
279
2933
528
293
662
942
44
67
252
80
107
245
319
886
507
204
150
314
332
1768
1548
68
281
475
222
1366
4523
149
151
976
270
346
317
1022
246
258
211
206
883
775
752
101
615
938
232
192
123
34
29
288
100
209
208
865
240
826
981
472
195
325
254
371
742
1437
115
689
3144
204
543
84
292
231
119
639
191
141
868
127
1074
1192
73
746
185
193
744
674
2186
221
340
228
69
916
514
708
409
342
1038
1524
150
287
1365
140
296
741
411
20
858
76
566
288
111
297
338
147
3156
122
101
5879
690
323
205
360
163
326
142
207
211
175
679
219
419
138
385
74
6789
339
399
211
372
342
336
1734
134
920
1592
56
79
266
867
87
197
