7397
639
3058
7624
1530
10681
6516
2628
1570
1019
984
1936
10541
9274
3368
5175
6462
2144
3928
4776
3755
4005
1424
1353
1659
5949
997
4963
3264
31543
4293
514
3835
1233
3093
3221
767
2030
4394
2860
2104
1399
10209
5272
4074
2479
1753
12825
7065
1912
3894
2683
4333
3148
11667
3786
4907
10604
1211
1510
5331
3601
1700
8292
4551
2380
12798
5104
2091
14414
3074
1890
5686
31053
222
4776
3958
934
6769
1392
5318
1895
1070
1426
6303
1427
1419
885
2947
2202
8250
3619
338
5336
2113
6476
1514
1251
9113
3210
