6
516
738
488
948
471
554
444
235
968
796
181
686
559
318
294
123
186
732
799
26
263
84
561
120
399
585
149
628
259
949
569
88
410
113
882
201
936
9
833
86
655
81
446
720
573
92
352
455
788
47
735
548
377
275
488
58
488
954
537
625
454
821
330
542
894
438
468
162
904
464
518
671
292
376
20
56
857
838
31
269
12
471
969
387
21
14
957
656
420
527
246
78
778
920
856
25
777
719
626
191
580
673
196
829
237
167
25
837
186
467
665
665
951
53
110
22
490
874
388
85
181
803
514
575
485
78
561
879
96
255
386
197
549
556
684
330
889
122
868
909
28
13
148
774
829
974
226
290
295
431
290
222
522
24
871
866
58
121
363
934
267
309
563
727
57
938
273
65
20
586
72
465
397
63
536
187
628
341
870
413
94
783
418
415
770
690
342
110
269
609
286
99
866
348
667
835
437
853
243
111
33
237
767
907
142
837
26
117
485
597
121
27
654
159
178
509
626
267
902
475
400
868
232
211
372
64
322
572
556
639
881
513
327
41
303
83
325
471
610
250
500
391
426
795
189
531
622
479
137
299
117
239
472
953
791
551
706
8
972
119
378
820
343
529
658
900
504
212
412
557
581
842
810
65
155
851
361
695
532
83
161
243
956
278
115
471
370
102
793
194
593
815
145
408
914
365
98
955
444
827
682
250
408
256
708
213
745
248
102
654
861
624
745
600
858
829
651
258
643
215
243
184
349
731
161
273
785
4
225
148
209
592
66
529
610
86
649
449
301
843
698
615
721
636
808
215
860
272
261
530
879
129
171
28
358
599
856
117
496
457
567
787
202
22
609
669
218
211
100
536
413
855
330
397
237
843
176
866
343
389
245
700
453
115
424
217
899
27
704
327
546
956
710
457
142
242
109
271
831
217
455
805
874
465
611
958
92
29
744
159
488
866
926
930
420
462
757
915
690
972
160
105
330
716
280
461
895
251
962
642
513
87
220
740
626
526
604
108
567
228
684
513
947
900
656
779
404
311
897
217
83
379
294
420
573
748
366
858
716
594
43
89
866
13
284
46
885
688
116
556
667
616
473
69
193
747
455
488
908
3
963
175
482
498
472
72
299
297
942
374
801
221
878
164
435
340
574
488
85
157
124
818
619
190
680
842
303
143
494
765
959
465
37
688
894
399
279
964
193
292
20
940
431
554
800
314
436
693
823
368
303
269
492
354
446
750
770
143
535
193
111
764
139
266
264
277
656
340
512
941
381
391
438
592
970
961
146
168
433
360
759
457
742
459
691
763
656
77
821
772
13
120
824
632
446
41
442
288
200
488
954
406
850
921
72
821
611
780
485
943
62
115
696
92
160
639
596
334
338
631
253
554
542
669
335
776
28
712
573
393
204
320
770
74
934
963
788
56
323
451
54
518
487
883
611
176
786
416
488
492
571
245
583
634
623
484
599
397
351
105
718
164
755
243
965
272
510
729
170
402
640
89
250
196
207
118
27
657
68
720
542
201
316
503
5
437
448
799
530
4
3
291
657
812
607
43
588
215
593
776
13
652
723
213
118
925
536
829
6
778
165
928
692
151
442
159
344
761
22
751
944
232
2
453
845
115
510
830
256
9
237
243
767
41
536
890
568
768
322
211
613
536
103
687
791
542
840
833
901
620
480
531
317
555
6
449
810
674
892
616
389
713
790
318
278
475
123
867
554
332
876
904
7
49
252
602
83
305
538
131
318
725
339
795
54
126
886
422
241
544
688
912
75
44
477
282
557
102
349
894
977
648
720
464
969
330
694
376
124
415
768
271
404
661
11
900
565
442
232
872
469
230
223
590
71
313
647
62
335
437
270
958
577
222
669
863
618
871
836
217
160
879
534
659
946
798
413
527
392
690
377
681
141
932
107
568
864
976
934
133
228
848
886
645
968
444
16
548
606
885
488
428
226
888
395
806
17
910
759
509
715
702
490
135
153
247
779
499
639
638
382
488
348
335
127
906
312
22
27
346
630
609
81
368
22
753
36
507
183
738
954
817
495
446
116
315
71
882
552
469
44
858
601
35
678
506
748
430
659
825
959
977
221
567
562
736
640
79
610
918
576
540
501
351
729
206
328
124
647
730
336
307
916
532
672
102
926
356
814
265
335
456
191
120
226
524
535
437
39
952
407
537
940
28
656
684
815
124
578
234
133
922
978
60
207
782
412
290
440
967
663
86
250
30
690
173
180
378
198
449
923
619
45
19
93
793
384
51
520
624
217
554
91
846
734
248
96
676
781
