566
472
536
514
493
552
519
495
503
524
508
535
526
545
540
511
574
531
512
527
518
520
549
515
550
543
576
513
500
547
535
535
522
503
527
520
496
566
499
501
499
525
473
471
520
529
495
512
504
502
545
489
571
538
569
543
539
570
562
544
531
520
559
514
516
531
546
527
552
550
561
518
516
545
524
549
527
541
542
551
529
530
511
539
516
482
532
526
540
519
554
524
529
534
535
545
540
520
528
520
527
518
522
549
504
537
497
511
516
559
558
520
511
508
499
535
542
520
565
506
515
552
561
566
502
524
508
540
526
526
553
529
514
562
515
511
502
505
562
543
518
534
516
531
501
522
510
505
542
492
505
471
554
504
522
532
546
594
566
526
540
541
528
538
515
513
524
508
525
519
511
550
539
529
583
511
522
536
543
466
522
515
511
545
537
513
515
520
558
518
529
523
540
505
539
524
506
545
517
514
482
466
519
518
512
554
528
504
545
528
512
531
509
548
552
521
535
510
512
553
509
519
483
566
495
520
475
556
545
517
489
527
525
535
525
551
506
520
534
531
550
560
511
535
549
531
549
535
541
537
524
489
514
506
498
530
532
521
544
559
552
543
492
537
559
538
549
547
516
525
548
548
529
546
552
548
496
536
524
559
556
476
524
549
487
536
547
523
531
545
535
530
520
515
567
534
531
515
552
538
517
528
522
535
534
494
527
520
522
514
512
514
505
558
508
571
523
526
584
571
496
566
508
506
545
537
478
530
559
547
493
514
545
524
523
516
533
528
549
516
497
515
533
511
560
568
498
560
539
563
567
494
510
553
500
540
535
542
555
543
522
533
536
533
470
546
529
525
512
531
529
517
529
545
502
550
510
504
504
527
498
514
584
532
523
545
511
534
522
506
529
518
555
548
528
551
549
526
541
513
545
527
539
506
557
509
519
514
508
514
517
541
521
498
538
512
505
514
534
526
483
539
512
566
517
504
549
487
488
508
567
520
522
519
526
512
553
508
507
493
505
534
537
523
522
531
502
540
563
554
538
528
523
554
520
536
520
535
517
509
513
515
511
539
520
548
514
524
513
522
495
541
559
482
533
533
552
486
556
537
509
567
494
503
569
528
547
519
545
524
529
533
528
542
540
500
501
535
494
494
542
500
521
563
520
526
536
510
507
514
497
564
521
511
535
490
495
513
526
559
495
549
508
509
533
547
512
549
547
542
540
534
485
538
521
513
524
517
542
525
516
502
500
545
526
538
521
544
549
516
533
536
496
544
512
553
517
548
553
508
550
549
531
496
532
539
517
527
562
562
493
499
526
526
500
527
500
511
496
525
551
531
499
550
507
526
551
585
525
512
532
553
532
567
528
504
502
543
570
488
509
520
510
528
512
546
552
514
528
509
502
505
540
540
507
506
539
515
520
554
522
526
522
562
549
520
502
536
535
521
563
541
529
544
543
523
561
499
491
546
564
523
508
550
538
511
533
525
530
550
533
508
495
517
505
518
545
543
502
543
529
532
549
564
542
493
493
531
554
548
501
500
573
555
502
504
531
506
514
500
552
519
537
518
524
539
536
551
519
518
532
516
510
524
501
561
545
562
543
496
524
527
528
517
574
539
500
543
522
526
532
563
557
568
583
547
494
532
533
509
513
571
487
506
523
512
535
552
528
503
521
512
540
583
487
519
478
514
520
520
502
500
524
523
542
551
534
572
533
514
533
525
558
510
488
534
482
533
576
519
506
544
524
498
557
505
504
504
544
507
502
475
537
540
507
527
530
509
522
502
504
544
546
527
535
514
513
499
545
493
513
524
580
504
522
539
552
509
497
562
547
558
512
539
551
515
519
530
532
518
512
545
467
564
548
531
510
500
507
550
501
568
531
550
569
498
553
530
541
530
535
522
550
489
541
516
552
490
539
514
526
536
549
539
557
515
550
556
569
538
540
554
536
549
531
522
558
520
505
560
510
548
502
535
532
547
494
534
549
541
518
502
533
547
494
498
518
532
533
509
518
560
560
507
493
503
511
534
528
509
517
528
534
480
544
525
524
565
560
523
516
563
530
534
513
562
522
534
516
521
563
545
527
540
573
503
545
490
538
532
523
483
523
552
529
542
549
484
515
483
528
516
532
546
563
505
516
497
520
546
483
536
516
588
542
520
486
519
507
531
533
520
525
503
516
572
523
537
524
534
511
546
512
540
490
541
493
470
506
518
507
543
549
516
531
497
543
531
532
512
557
527
482
515
528
528
476
555
516
517
542
507
575
548
485
517
539
507
513
496
