88
57
6
73
44
61
55
57
46
11
97
45
36
47
49
11
23
78
76
4
48
63
34
26
58
55
46
27
65
77
44
60
27
33
90
93
72
32
66
61
39
85
69
60
92
70
39
45
81
30
33
95
62
29
54
56
33
64
39
66
37
73
59
14
87
27
7
98
20
83
47
31
14
55
57
36
97
67
80
99
87
19
44
52
57
89
95
82
49
90
57
32
60
13
90
26
2
89
55
15
43
50
31
10
53
27
11
72
88
64
8
8
56
40
13
80
27
94
29
58
65
32
87
33
85
40
30
57
76
59
2
77
43
87
28
26
94
7
4
0
32
87
61
85
16
96
21
89
63
59
29
28
89
92
62
36
51
18
88
29
70
75
89
7
54
41
41
72
25
60
42
50
56
85
31
20
91
18
81
73
57
49
44
76
52
36
83
84
28
1
31
10
65
28
68
88
26
35
75
70
47
15
58
92
58
87
15
92
8
51
28
13
15
94
27
3
97
19
79
91
57
19
84
28
26
54
62
96
68
36
62
75
20
10
11
64
41
87
65
49
97
12
85
76
50
85
48
90
73
6
56
99
56
91
42
37
62
91
49
39
27
79
63
45
52
19
71
26
18
44
26
37
72
86
42
70
99
99
82
9
93
31
71
95
77
41
79
35
93
7
80
13
87
95
53
50
63
88
79
82
45
37
48
77
41
28
5
4
75
82
64
42
24
36
38
42
41
63
96
19
82
58
74
39
36
23
60
8
42
28
46
92
22
92
3
29
73
48
53
73
49
76
53
36
17
38
44
31
69
13
33
54
85
70
89
57
35
18
55
70
39
8
94
49
68
14
20
1
52
67
43
29
23
74
11
86
74
86
95
89
92
77
42
98
71
13
86
45
65
62
8
24
70
49
72
95
43
25
93
68
73
63
18
54
48
61
46
73
6
24
90
26
40
89
74
9
66
10
54
95
94
37
45
66
9
47
60
76
20
29
53
78
88
2
27
94
50
66
10
61
74
60
89
26
80
92
82
27
97
33
60
88
32
38
73
86
89
46
87
97
58
18
60
23
35
48
74
80
57
80
46
57
25
61
83
51
29
36
88
39
87
48
71
77
20
84
58
34
42
23
88
32
92
67
50
68
89
84
34
13
25
82
10
70
55
32
58
62
54
85
75
24
33
29
40
95
67
98
52
79
76
69
16
18
61
64
50
45
56
84
65
65
30
5
49
77
12
54
98
46
88
90
43
31
62
42
72
90
60
73
45
59
42
32
22
32
16
31
37
57
88
50
61
36
93
60
95
33
54
30
96
14
88
31
75
60
66
42
80
25
44
82
81
37
46
78
81
27
47
35
17
84
84
55
75
20
45
82
74
27
91
24
73
28
22
78
29
47
57
77
19
33
96
42
32
74
16
28
2
59
57
11
12
29
38
94
56
39
62
75
50
66
62
29
86
11
47
30
59
98
70
87
98
67
49
97
95
28
85
60
16
89
30
27
51
65
97
82
96
75
72
68
46
56
61
83
48
74
22
98
39
34
27
36
46
76
90
47
68
85
59
58
91
68
91
21
68
72
66
46
46
54
23
64
86
85
66
5
71
78
98
81
27
61
4
59
23
21
48
22
68
61
8
48
30
36
10
21
56
64
9
43
41
31
19
57
34
76
12
90
14
9
52
94
96
17
98
84
71
66
96
65
41
19
51
51
51
60
62
97
85
90
60
4
84
98
17
53
93
59
37
83
80
60
16
80
15
76
23
7
52
59
35
50
94
63
72
19
47
14
51
97
91
83
39
68
43
40
81
77
43
87
60
36
96
58
56
36
37
33
80
48
42
23
70
47
41
98
97
62
49
78
49
68
35
14
71
82
55
67
61
22
91
47
72
84
2
94
41
71
75
87
97
10
43
56
40
37
70
43
24
60
61
72
51
45
63
80
37
44
14
71
5
83
91
81
67
80
19
62
95
50
71
7
13
61
94
54
57
72
9
79
64
26
78
7
94
27
39
38
79
26
48
47
15
42
97
86
97
27
85
95
53
38
94
70
58
83
80
52
49
8
84
90
98
39
85
22
33
36
55
2
47
25
92
47
36
90
66
17
59
87
0
64
89
57
16
92
91
46
33
16
77
46
50
36
54
59
32
48
9
67
30
97
43
75
12
90
18
7
86
51
83
52
99
68
28
60
42
66
63
44
49
45
0
7
26
18
77
16
84
82
21
42
37
46
80
47
30
21
39
40
44
50
37
86
19
53
13
33
54
98
11
28
99
61
16
53
67
75
