587
425
374
428
780
365
840
203
647
692
823
689
900
823
390
680
819
602
380
760
312
463
621
766
451
815
189
199
761
635
864
544
647
486
688
661
699
401
649
493
747
463
285
216
583
152
388
939
596
440
455
513
437
309
394
134
418
536
286
433
620
958
697
700
611
799
680
723
435
436
236
397
129
581
700
267
429
427
747
794
331
532
209
363
524
584
627
413
463
64
563
136
829
384
547
888
855
676
806
534
231
577
779
561
362
485
639
839
318
876
488
435
483
434
103
598
569
508
239
856
445
307
361
331
465
606
458
678
274
281
660
347
688
486
671
688
281
538
604
564
313
703
638
206
634
190
61
617
854
351
476
639
176
863
810
831
874
604
203
203
463
568
768
876
242
401
628
601
632
611
110
286
671
616
775
97
890
478
592
443
675
65
696
620
829
499
539
564
642
147
576
804
18
251
910
303
408
455
234
172
749
744
132
547
282
603
212
676
510
349
472
913
712
411
644
646
176
420
535
813
617
711
964
533
682
739
212
325
476
417
640
675
597
432
573
489
79
672
585
314
545
639
202
599
819
340
574
435
81
316
473
607
204
623
591
706
664
800
670
426
403
271
852
38
712
576
769
660
898
492
589
626
506
536
685
818
522
562
659
481
717
401
750
793
432
91
659
717
648
543
443
378
101
669
502
654
772
688
483
988
879
618
277
408
779
523
550
558
133
532
696
620
468
272
205
300
913
789
153
697
510
799
719
224
649
397
788
314
167
507
552
25
459
279
456
468
87
553
734
281
267
677
931
279
514
770
475
855
357
227
926
162
439
748
571
806
270
351
598
306
486
204
428
467
435
879
487
883
328
530
510
674
173
828
508
481
425
411
176
730
558
188
571
199
713
656
628
514
780
250
386
763
789
642
616
305
499
531
669
700
687
713
471
564
585
535
759
914
506
62
569
609
773
131
387
603
556
761
636
459
493
791
467
700
304
571
710
699
731
631
152
647
304
487
764
554
744
700
811
274
567
532
320
644
525
669
687
361
556
678
487
712
399
486
137
790
517
888
519
420
657
782
250
857
774
648
293
552
470
742
629
614
527
207
475
479
84
919
824
152
150
597
677
844
599
539
578
665
958
234
433
788
816
377
691
651
684
535
667
657
805
551
463
744
373
521
305
701
387
222
714
853
615
612
772
535
213
290
623
699
322
610
518
660
346
648
426
233
387
715
282
659
722
615
213
714
613
807
712
381
180
640
552
642
479
282
447
56
267
664
253
520
562
616
576
662
421
716
498
932
352
125
343
298
536
460
652
696
852
360
241
471
904
144
574
584
936
567
519
811
462
504
638
793
633
593
806
568
661
197
585
695
678
341
436
881
693
358
791
482
350
885
767
604
578
903
460
638
739
339
821
618
536
672
520
363
674
699
115
320
231
730
669
146
464
394
834
475
771
587
773
570
499
413
444
792
577
724
154
492
690
308
544
610
36
268
211
615
333
767
660
903
699
258
618
769
727
741
309
351
411
752
587
810
539
467
100
200
41
910
456
694
465
641
317
512
652
648
25
37
391
408
288
667
483
805
400
661
391
534
247
256
236
820
561
109
668
712
532
551
210
525
339
617
479
864
265
936
726
678
154
267
680
723
328
494
303
489
559
397
428
501
596
317
556
481
587
308
653
817
477
433
63
373
945
743
537
605
341
369
348
183
597
396
343
679
740
124
911
217
607
428
778
648
651
444
504
793
94
454
188
512
403
881
924
606
689
46
408
782
803
340
473
296
605
411
669
808
165
379
609
43
553
455
823
795
107
699
536
787
612
899
807
674
693
588
730
545
613
685
568
829
579
501
765
342
214
755
595
623
698
171
616
885
443
601
427
249
400
395
640
159
724
656
215
346
665
481
470
695
596
134
535
685
672
545
403
516
426
938
726
767
452
660
354
626
626
669
576
692
420
793
637
272
668
197
444
595
660
811
848
642
497
345
430
592
515
253
363
690
955
309
911
579
338
250
397
489
431
200
355
434
509
180
192
645
853
269
478
533
193
434
473
475
533
277
798
380
852
478
81
831
296
402
691
489
502
566
99
524
908
457
747
809
820
487
532
594
629
860
637
567
502
834
600
140
641
478
217
556
697
565
375
866
805
640
426
71
746
634
433
528
788
234
497
711
554
835
565
666
273
531
268
181
612
710
618
620
89
467
510
680
659
745
192
370
410
499
759
829
665
300
75
367
443
540
742
360
748
304
672
672
383
603
317
46
511
476
418
640
828
355
754
347
459
516
641
390
747
609
