524
287
423
281
285
269
244
349
259
267
320
298
346
241
299
250
343
296
363
262
343
350
278
328
251
291
227
345
283
334
378
340
238
290
323
458
461
258
266
282
311
266
322
230
262
278
471
233
288
379
570
361
235
361
314
278
277
252
310
331
534
583
408
439
241
266
437
240
246
296
434
531
272
374
277
325
635
298
321
249
281
266
227
280
329
341
215
272
283
304
362
248
281
233
446
332
279
592
247
214
247
360
330
423
307
240
344
246
219
291
263
425
371
299
266
255
233
394
265
244
251
338
345
310
239
267
311
670
298
330
300
278
293
257
453
248
295
391
338
204
348
406
595
585
301
292
398
607
376
281
380
310
192
297
365
271
239
270
243
281
257
295
264
468
249
293
212
296
304
410
335
205
412
393
397
339
465
336
260
260
278
241
303
299
234
259
323
475
258
330
391
412
223
287
355
301
278
214
291
256
230
361
291
242
342
310
425
303
371
318
332
348
262
353
216
355
321
336
223
243
274
316
321
462
839
336
327
326
382
281
216
297
1429
388
257
264
315
478
333
265
260
263
262
1015
399
355
435
291
327
462
309
309
350
312
267
274
293
317
316
519
252
323
284
319
364
520
377
315
322
255
353
248
269
281
243
253
378
300
268
332
416
350
409
313
275
634
264
428
396
287
258
273
323
261
391
286
304
300
511
241
383
475
407
317
534
366
278
320
261
250
290
260
415
334
299
291
249
244
414
376
338
281
394
289
295
268
245
251
294
386
220
294
363
248
376
314
261
332
376
301
408
202
269
400
307
237
295
313
302
297
485
314
252
358
280
245
270
293
278
421
259
976
347
427
448
291
783
316
574
274
474
358
637
266
454
217
429
498
246
361
291
312
287
468
338
498
293
413
385
314
322
245
298
315
311
266
723
313
253
363
266
263
291
317
279
274
387
236
252
300
247
392
554
292
252
471
715
442
301
294
315
268
696
435
234
485
443
256
290
323
446
293
475
253
363
426
307
216
226
351
284
447
513
235
330
420
295
360
314
322
274
248
619
239
225
279
300
235
249
239
303
405
311
406
284
387
265
279
418
307
711
198
382
684
271
288
739
279
253
479
375
235
362
337
469
251
265
237
321
326
235
374
263
295
252
656
290
242
304
306
334
437
372
279
223
215
305
413
371
243
381
262
484
299
259
393
298
614
340
276
226
307
348
224
262
326
268
365
262
298
328
349
410
312
326
416
377
362
452
285
363
303
249
294
424
366
285
267
366
351
373
347
375
319
590
360
260
259
268
309
550
223
256
323
268
339
318
274
257
232
277
292
290
274
261
403
257
552
299
232
300
428
369
376
365
324
508
488
270
269
241
344
321
310
297
318
408
400
399
297
281
299
272
303
424
251
606
302
261
261
296
363
264
424
294
609
225
470
263
298
306
332
312
601
292
274
269
446
317
566
359
395
226
299
303
255
454
262
346
327
662
323
310
373
343
372
403
292
430
351
237
263
225
328
288
526
242
442
332
427
372
287
407
282
441
259
222
310
240
252
336
260
262
259
259
324
363
361
282
315
291
255
765
380
286
383
284
341
278
338
485
301
331
258
293
300
249
349
313
301
316
328
339
489
462
295
311
295
307
421
404
323
207
358
345
309
534
296
252
407
347
376
290
331
326
366
254
343
499
288
353
261
300
279
275
565
333
260
364
248
462
276
361
316
257
253
284
293
868
329
317
379
346
313
265
236
390
325
363
260
383
295
348
469
290
580
376
374
513
409
265
316
271
291
332
257
280
315
237
272
251
451
265
633
373
293
270
290
253
239
289
374
280
366
231
441
392
254
293
419
270
306
371
231
290
371
264
305
420
732
377
335
315
316
231
388
220
227
319
330
278
286
223
244
349
329
268
264
281
318
233
367
270
423
310
294
327
262
306
301
307
339
306
604
267
285
735
302
328
403
312
307
275
288
419
242
249
268
296
282
310
320
291
355
266
287
456
297
381
262
429
299
304
235
264
381
266
340
337
331
348
323
285
294
225
324
358
241
378
332
376
304
597
418
389
264
299
270
226
259
305
416
355
231
232
273
235
326
269
271
295
349
271
487
291
257
284
265
283
415
896
285
267
327
259
237
433
399
509
280
237
316
305
263
246
602
358
256
454
434
338
547
433
290
306
342
493
264
316
643
537
305
280
300
231
492
409
400
528
326
342
409
277
385
322
326
269
334
376
238
232
312
328
283
287
315
279
286
294
236
341
785
252
270
423
374
272
221
250
385
372
500
376
327
353
385
288
404
302
326
